1044,3
1044,2
1044,1
1044,0
1043,4
1043,3
1043,2
1043,1
1043,0
1042,5
1042,4
1042,3
1042,2
1042,1
1042,0
1041,5
1041,4
1041,3
1041,2
1041,1
1041,0
0,444
0,440
1040,5
1040,4
1040,3
1040,2
1040,1
1040,0
1039,5
1039,4
1039,3
1039,2
1039,1
1039,0
1038,7
1038,6
1038,5
1038,4
1038,3
1038,2
1038,1
1038,0
1037,4
1037,3
1037,2
1037,1
1037,0
0,432
4,3
4,2
4,1
4,0
3,6
3,5
3,4
3,3
3,2
3,1
3,0
2,2
2,1
2,0
1,2
1,1
1,0
0,243
1035,3
1035,2
1035,1
1034,4
1034,3
1034,2
1034,1
1033,5
1033,4
1033,3
1033,2
1033,1
1032,5
1032,4
1032,3
1032,2
1032,1
1031,5
1031,4
1031,3
1031,2
1031,1
1030,5
1030,4
1030,3
1030,2
1030,1
1029,7
1029,6
1029,5
1029,4
1029,3
1029,2
1029,1
1028,4
1028,3
1028,2
1028,1
2,3
1,3
0,410
0,396
0,324
0,9
0,0
0,1
0,445
0,300
0,417
0,299
0,298
0,383
0,297
0,423
0,296
0,295
0,442
0,294
0,349
0,293
0,292
0,422
0,291
0,290
0,289
0,393
0,288
0,373
0,287
0,337
0,286
0,436
0,285
0,375
0,284
0,390
0,283
0,419
0,282
0,379
0,281
0,336
0,280
0,412
0,279
0,409
0,278
0,371
0,277
0,387
0,276
0,389
0,275
0,418
0,274
0,370
0,273
0,335
0,272
0,434
0,271
0,369
0,270
0,321
0,269
0,416
0,268
0,364
0,267
0,365
0,266
0,391
0,265
0,334
0,264
0,362
0,263
0,262
0,443
0,261
0,355
0,260
0,381
0,259
0,386
0,258
0,353
0,257
0,256
0,406
0,255
0,415
0,254
0,380
0,253
0,405
0,252
0,439
0,251
0,414
0,250
0,357
0,249
0,377
0,248
0,392
0,247
0,352
0,246
0,437
0,245
0,433
0,244
0,441
0,242
0,413
0,241
0,328
0,240
0,403
0,239
0,408
0,238
0,407
0,237
0,401
0,236
0,235
0,325
0,234
0,342
0,233
0,400
0,232
0,317
0,231
0,397
0,230
0,314
0,229
0,428
0,228
0,431
0,227
0,226
0,411
0,225
0,224
0,382
0,223
0,308
0,222
0,221
0,351
0,220
0,313
0,219
0,329
0,218
0,347
0,217
0,376
0,216
0,394
0,215
0,427
0,214
0,372
0,213
0,358
0,212
0,346
0,211
0,421
0,210
0,385
0,209
0,345
0,208
0,307
0,207
0,344
0,206
0,205
0,399
0,204
0,435
0,203
0,378
0,202
0,438
0,201
0,356
0,200
0,424
0,199
0,426
0,198
0,429
0,197
0,374
0,196
0,343
0,195
0,194
0,326
0,193
0,192
0,319
0,63
0,320
0,62
0,341
0,61
0,395
0,60
0,311
0,59
0,58
0,368
0,57
0,323
0,56
0,318
0,55
0,425
0,54
0,384
0,53
0,420
0,52
0,404
0,51
0,50
0,49
0,402
0,48
0,398
0,47
0,388
0,46
0,430
0,45
0,309
0,6
0,5
0,304
0,303
0,306
0,305
0,302
0,12
0,10
0,8
0,11
0,4
0,2
0,3
0,7
1035,0
1034,0
1033,0
1032,0
1031,0
1030,0
1029,0
1028,0
